         0	 ACT	 0	 0	      1
        48	 RD	 0	 0	   1
      1000	 ACT	 1	 0	      2
      1048	 RD	 1	 0	   2
      2000	 ACT	 2	 0	      3
      2048	 RD	 2	 0	   3
      3000	 ACT	 3	 0	      4
      3048	 RD	 3	 0	   4
      4000	 ACT	 0	 1	      5
      4048	 RD	 0	 1	   5
      5000	 ACT	 1	 1	      6
      5048	 RD	 1	 1	   6
      6000	 ACT	 2	 1	      7
      6048	 RD	 2	 1	   7
      7000	 ACT	 3	 1	      8
      7048	 RD	 3	 1	   8
      8000	 ACT	 0	 2	      9
      8048	 RD	 0	 2	   9
      9000	 ACT	 1	 2	     10
      9048	 RD	 1	 2	  10
     10000	 ACT	 2	 2	     11
     10048	 RD	 2	 2	  11
     11000	 ACT	 3	 2	     12
     11048	 RD	 3	 2	  12
     12000	 ACT	 0	 3	     13
     12048	 RD	 0	 3	  13
     13000	 ACT	 1	 3	     14
     13048	 RD	 1	 3	  14
     14000	 ACT	 2	 3	     15
     14048	 RD	 2	 3	  15
     15000	 ACT	 3	 3	     16
     15048	 RD	 3	 3	  16
     16008	 RD	 0	 0	  16
     17008	 RD	 1	 0	  15
     18008	 RD	 2	 0	  14
     19008	 RD	 3	 0	  13
     20008	 RD	 0	 1	  12
     21008	 RD	 1	 1	  11
     22008	 RD	 2	 1	  10
     23008	 RD	 3	 1	   9
     24008	 RD	 0	 2	   8
     25008	 RD	 1	 2	   7
     26008	 RD	 2	 2	   6
     27008	 RD	 3	 2	   5
     28008	 RD	 0	 3	   4
     29008	 RD	 1	 3	   3
     30008	 RD	 2	 3	   2
     31008	 RD	 3	 3	   1
     32012	 PRE	 0	 0
     32060	 ACT	 0	 0	      0
     32108	 RD	 0	 0	  16
     33012	 PRE	 1	 0
     33060	 ACT	 1	 0	      1
     33108	 RD	 1	 0	  15
     34012	 PRE	 2	 0
     34060	 ACT	 2	 0	      2
     34108	 RD	 2	 0	  14
     35012	 PRE	 3	 0
     35060	 ACT	 3	 0	      3
     35108	 RD	 3	 0	  13
     36012	 PRE	 0	 1
     36060	 ACT	 0	 1	      4
     36108	 RD	 0	 1	  12
     37012	 PRE	 1	 1
     37060	 ACT	 1	 1	      5
     37108	 RD	 1	 1	  11
     38012	 PRE	 2	 1
     38060	 ACT	 2	 1	      6
     38108	 RD	 2	 1	  10
     39012	 PRE	 3	 1
     39060	 ACT	 3	 1	      7
     39108	 RD	 3	 1	   9
     40012	 PRE	 0	 2
     40060	 ACT	 0	 2	      8
     40108	 RD	 0	 2	   8
     41012	 PRE	 1	 2
     41060	 ACT	 1	 2	      9
     41108	 RD	 1	 2	   7
     42012	 PRE	 2	 2
     42060	 ACT	 2	 2	     10
     42108	 RD	 2	 2	   6
     43012	 PRE	 3	 2
     43060	 ACT	 3	 2	     11
     43108	 RD	 3	 2	   5
     44012	 PRE	 0	 3
     44060	 ACT	 0	 3	     12
     44108	 RD	 0	 3	   4
     45012	 PRE	 1	 3
     45060	 ACT	 1	 3	     13
     45108	 RD	 1	 3	   3
     46012	 PRE	 2	 3
     46060	 ACT	 2	 3	     14
     46108	 RD	 2	 3	   2
     47012	 PRE	 3	 3
     47060	 ACT	 3	 3	     15
     47108	 RD	 3	 3	   1
