         0	 ACT	 0	 0	      1
        48	 WR	 0	 0	   1
      1000	 ACT	 1	 0	      2
      1048	 WR	 1	 0	   2
      2000	 ACT	 2	 0	      3
      2048	 WR	 2	 0	   3
      3000	 ACT	 3	 0	      4
      3048	 WR	 3	 0	   4
      4000	 ACT	 0	 1	      5
      4048	 WR	 0	 1	   5
      5000	 ACT	 1	 1	      6
      5048	 WR	 1	 1	   6
      6000	 ACT	 2	 1	      7
      6048	 WR	 2	 1	   7
      7000	 ACT	 3	 1	      8
      7048	 WR	 3	 1	   8
      8000	 ACT	 0	 2	      9
      8048	 WR	 0	 2	   9
      9000	 ACT	 1	 2	     10
      9048	 WR	 1	 2	  10
     10000	 ACT	 2	 2	     11
     10048	 WR	 2	 2	  11
     11000	 ACT	 3	 2	     12
     11048	 WR	 3	 2	  12
     12000	 ACT	 0	 3	     13
     12048	 WR	 0	 3	  13
     13000	 ACT	 1	 3	     14
     13048	 WR	 1	 3	  14
     14000	 ACT	 2	 3	     15
     14048	 WR	 2	 3	  15
     15000	 ACT	 3	 3	     16
     15048	 WR	 3	 3	  16
     16008	 WR	 0	 0	  16
     17008	 WR	 1	 0	  15
     18008	 WR	 2	 0	  14
     19008	 WR	 3	 0	  13
     20008	 WR	 0	 1	  12
     21008	 WR	 1	 1	  11
     22008	 WR	 2	 1	  10
     23008	 WR	 3	 1	   9
     24008	 WR	 0	 2	   8
     25008	 WR	 1	 2	   7
     26008	 WR	 2	 2	   6
     27008	 WR	 3	 2	   5
     28008	 WR	 0	 3	   4
     29008	 WR	 1	 3	   3
     30008	 WR	 2	 3	   2
     31008	 WR	 3	 3	   1
     32020	 PRE	 0	 0
     32068	 ACT	 0	 0	      0
     32116	 WR	 0	 0	  16
     33020	 PRE	 1	 0
     33068	 ACT	 1	 0	      1
     33116	 WR	 1	 0	  15
     34020	 PRE	 2	 0
     34068	 ACT	 2	 0	      2
     34116	 WR	 2	 0	  14
     35020	 PRE	 3	 0
     35068	 ACT	 3	 0	      3
     35116	 WR	 3	 0	  13
     36020	 PRE	 0	 1
     36068	 ACT	 0	 1	      4
     36116	 WR	 0	 1	  12
     37020	 PRE	 1	 1
     37068	 ACT	 1	 1	      5
     37116	 WR	 1	 1	  11
     38020	 PRE	 2	 1
     38068	 ACT	 2	 1	      6
     38116	 WR	 2	 1	  10
     39020	 PRE	 3	 1
     39068	 ACT	 3	 1	      7
     39116	 WR	 3	 1	   9
     40020	 PRE	 0	 2
     40068	 ACT	 0	 2	      8
     40116	 WR	 0	 2	   8
     41020	 PRE	 1	 2
     41068	 ACT	 1	 2	      9
     41116	 WR	 1	 2	   7
     42020	 PRE	 2	 2
     42068	 ACT	 2	 2	     10
     42116	 WR	 2	 2	   6
     43020	 PRE	 3	 2
     43068	 ACT	 3	 2	     11
     43116	 WR	 3	 2	   5
     44020	 PRE	 0	 3
     44068	 ACT	 0	 3	     12
     44116	 WR	 0	 3	   4
     45020	 PRE	 1	 3
     45068	 ACT	 1	 3	     13
     45116	 WR	 1	 3	   3
     46020	 PRE	 2	 3
     46068	 ACT	 2	 3	     14
     46116	 WR	 2	 3	   2
     47020	 PRE	 3	 3
     47068	 ACT	 3	 3	     15
     47116	 WR	 3	 3	   1
